21889
111373
9558
46705
9926
65611
71167
63638
61599
55137
63089
86631
31547
7713
21137
24497
46939
102003
102511
106153
107500
90040
53945
99088
60364
51162
66579
55632
60483
34151
35795
79205
7029
87368
28272
25195
64577
88566
1306
42300
35034
46584
956
20149
82163
36511
105847
57722
45212
47971
82490
4554
71545
53027
35749
32903
70315
15776
114620
114054
60151
50054
8727
35603
93428
84751
105016
9059
48134
58073
6853
18298
65471
72671
49276
89363
97227
22899
34437
60814
71619
73547
100259
1309
29690
66223
23147
117282
26492
55150
22082
98572
112202
8496
76718
83535
107950
94402
16125
27678
49531
102748
97586
71012
49354
34267
116389
39331
2831
37937
27812
83291
111
15709
61555
96661
57409
20414
46605
1314
54373
8319
21076
41468
114809
92114
96824
93434
17719
93210
62661
29570
54051
114053
62776
16337
51656
41763
118479
116347
36873
113722
31669
62972
105814
3829
77445
63565
21813
4991
101058
43549
37637
68973
20912
108583
101990
119097
64623
95731
69449
94354
49125
107037
71407
55315
58638
70079
62717
22842
15784
10087
14640
109912
41457
46875
79367
104958
118042
107331
24740
91977
88370
10399
49991
108231
79308
96467
64198
84704
34175
96757
118785
107571
92170
30812
53831
60754
25801
101355
25074
80253
118806
105761
64400
90251
97337
82118
111256
119090
56214
115278
35837
30043
29798
84536
97014
107413
63604
39525
38909
12791
67984
44637
69638
9432
19305
14711
84159
84503
96764
115990
10304
39582
104524
6258
72979
9088
69146
16812
86149
4439
101292
16380
35650
48540
68450
103288
7988
20817
61969
7169
111201
77334
96957
65194
103519
43615
117615
70278
113917
59635
73358
49918
65855
107029
102601
84296
1355
27905
71353
50963
7233
92715
62787
50913
68708
11517
21744
27041
77736
28490
104615
50961
84347
33951
50368
7844
98875
31177
112462
111434
91406
87181
14206
72577
91884
117182
11601
64572
110242
21838
68024
117370
90553
14393
84097
110106
86607
41746
43874
77638
58458
99000
35008
61767
20395
1427
15816
101493
40429
50830
96207
89128
119792
55160
12187
80310
108093
10786
45194
35906
15672
76201
107783
12525
49341
53989
86218
65790
61099
94746
118269
66771
101567
62214
11076
16902
90761
73235
69188
80440
98511
69212
46911
35982
45185
7596
1895
59761
70563
102519
108370
53396
54586
53010
108771
37506
88358
15332
81457
10042
7178
42805
60052
74387
49522
72066
76424
17279
96806
79065
14618
20271
18396
81163
97052
20943
34731
63548
77097
1279
78592
58767
43650
10559
40416
27506
33606
108883
8228
36840
37140
44838
36163
29005
28502
77083
77669
19335
1542
114560
100431
96341
114451
3761
99640
39996
112233
13929
104695
6127
118199
82307
11533
65394
27296
21485
88675
34677
94348
99609
19774
116790
9325
101699
78786
11245
109516
86502
46074
54416
115016
48301
4656
31746
49201
56770
45415
57771
19895
20475
38549
101525
49705
40791
35622
105518
35521
112984
32539
85785
27455
89926
28353
28593
66513
31341
118278
56264
48070
77738
81358
60093
4740
93101
4209
72750
67512
114142
1849
35569
48027
6389
55054
28033
7678
18569
60825
107286
60704
66734
68434
94885
78749
48255
28193
106069
3358
83322
93455
63663
90677
67728
108534
114316
9128
15752
106113
89126
6122
15604
67355
43766
33876
92392
66351
115070
57198
114778
67663
1641
117595
11427
111625
75353
98372
22103
46728
18719
44379
95691
71803
119932
57853
103653
12846
22968
98322
102387
40268
24482
19819
11664
71971
12306
82660
58774
46044
92202
59828
89244
104057
50102
39531
84923
21796
6405
105751
118954
118936
96997
17670
34637
92564
42471
6572
41337
71597
82645
105405
55628
40043
77775
21407
99509
106698
50972
56276
80035
67284
28169
51073
55888
72158
2535
24644
6393
98644
89625
44556
37174
51673
47585
118610
84137
39823
33614
82733
73646
95995
73428
107611
81734
92854
74842
111665
108905
2831
79665
52014
49539
10861
99905
47837
6120
25185
84926
12073
118472
47455
75482
47664
66902
58008
98668
23577
45604
25594
44653
43615
88884
42982
81651
117538
87751
60758
69922
79305
58094
41299
88671
71267
14161
23284
31563
5892
82237
14262
97155
48177
59403
14699
59862
12115
80958
101561
15204
73656
87536
82903
9858
10342
19192
57070
32682
44355
108657
71033
17174
10939
59692
11998
68938
78240
38934
44869
3540
47330
40824
85252
100769
82741
105189
93612
110585
44080
115730
110841
64200
88351
85163
8878
110507
50344
98949
62182
93692
45018
44517
96767
72209
91034
16591
103129
92350
88664
101699
87827
31499
118031
66153
65593
56756
35190
21740
99779
43929
93814
22083
103576
89985
9297
70098
77833
108902
29816
73167
103483
26429
65475
27623
47444
83607
71875
67850
20534
61999
48505
17753
64347
95389
35121
53578
101136
93318
10801
107021
96728
71156
100624
106252
101053
59482
93968
109985
104354
32400
96177
115892
119218
9993
11884
99650
9526
74442
93530
104603
57030
92459
102674
114496
4682
58477
44431
2936
22980
83646
66912
103201
111506
35035
47825
741
72454
37483
59392
98145
96385
47430
110539
98602
102548
53607
71816
38799
37047
33806
93803
35950
31746
80058
53742
16084
65238
96362
87963
81943
64307
93691
9134
58802
274
116363
47704
85220
29191
71922
55859
53226
98313
3520
70157
88603
53384
39394
105474
56948
92188
98334
88202
84858
59461
23154
50647
98070
86656
76005
61345
119597
47218
19937
57562
20845
63886
10491
96479
57429
29240
109148
110632
88853
64055
87318
80898
37432
80226
35145
26895
86802
15874
43724
119897
34060
29934
12407
107405
92060
21902
44749
101298
89572
39569
97178
102982
117004
13480
53847
99261
54070
91481
59200
81660
53272
146
66618
119701
99250
51998
37099
95172
59036
8352
6263
119679
61954
77249
11051
11824
357
34348
29345
63092
23618
81809
116290
73090
67746
6060
100458
45014
1708
20032
11078
1285
39005
18820
4382
67034
19245
119882
102711
35654
89450
59781
34349
35926
48498
119141
25171
104211
80609
25864
104973
108009
74959
63814
112002
88695
48487
30085
108474
91517
77672
98584
118018
89960
82491
61101
42766
9357
112028
69155
33428
111163
96113
10815
30017
114559
111113
26341
63972
46087
20462
34897
14266
803
11693
111723
671
49935
21738
41053
36692
80325
947
14737
32765
79950
13741
9884
97136
91584
110034
21027
47461
63206
46513
3192
80458
9006
90579
61905
10059
18896
62203
64565
16335
117164
60189
44773
88057
92485
59252
7088
11082
41729
33081
94339
52847
9054
55983
73026
60102
39545
81915
84473
42563
3180
114705
318
99547
80162
26930
30553
119701
32714
117412
60734
85790
81175
98486
62138
47096
113771
94172
104525
41304
9717
89076
45818
15849
84305
15309
116428
35533
32442
60944
38073
88795
13589
28460
57855
99363
86347
65362
18005
113113
104963
111608
40111
101766
72774
79690
19762
85670
49177
63184
103496
7236
106935
78290
14519
24682
95691
60329
107124
2584
45315
63413
1846
111304
19252
6413
24303
11714
63275
32122
80318
94727
109120
118900
8327
66946
5216
5374
57197
104385
58259
78660
103518
35498
59650
35334
107041
2864
59858
91814
106363
109720
61501
17026
59084
83097
48515
45212
111589
19662
34005
410
83218
63461
13431
46634
28023
116580
52536
48978
54436
84342
20954
30809
99076
65973
62707
40973
65575
119786
53825
102345
52700
38737
75092
79306
28193
7813
44459
76665
55654
79043
108908
46277
51439
52999
29616
70042
76937
77517
7002
109204
78754
24910
23793
59827
55211
48332
114494
53022
52233
45991
78695
85966
55077
78787
3404
25984
104522
52496
66117
34890
107036
69992
15629
34527
68061
62061
71587
16887
55989
17220
106587
113414
21537
31502
36110
98041
13105
48555
101899
7243
23392
38444
73364
97826
115912
70403
109428
109405
92207
110369
39678
73462
11457
98467
99041
34608
83838
14676
84153
102120
67367
102793
92420
111035
105126
73345
96256
42062
105666
25460
35274
68248
94023
15807
78234
103833
4185
59517
14298
26924
105999
113608
19704
92565
60409
107773
71215
46519
116545
110457
41736
12517
2612
10007
96254
36949
99645
11256
47803
74931
3118
117218
73396
70394
92034
103712
68922
100300
118522
21492
19749
79303
103106
16115
335
16134
11740
84
71374
116700
304
4873
97076
61337
707
42319
117922
104897
9843
15415
25764
58268
68580
117886
98426
68683
102599
10035
59972
23592
100282
95136
60580
79109
45027
46290
116506
99010
80241
27966
75855
3937
4927
59525
39948
92966
96160
119897
12801
30874
71926
53137
12798
34419
23659
63923
40870
79659
82498
110168
118566
49776
116643
6732
7112
89117
89385
29808
35153
64084
38231
15902
58075
75259
45247
102415
105869
97567
17091
118645
109273
86532
60396
6649
25421
38609
44033
10716
114542
92307
104453
42294
48234
84272
13690
84061
117650
110703
91768
62387
56428
69448
26141
51815
58485
71832
456
18225
14812
15725
93317
119223
56183
22572
64884
60857
90222
61083
85034
79103
1523
108953
31461
92660
62567
1497
59494
20421
80946
42246
97561
12569
84906
25542
73103
8591
44536
64864
63442
8585
79912
53100
34440
86075
100303
62150
96989
41127
10067
39263
77240
51899
107121
96160
61134
90849
48926
34515
37209
68655
8657
27526
23784
14486
70798
22303
7535
55602
40636
1500
40123
42350
66182
65074
17931
56449
113792
4269
87112
101054
314
119889
32055
80417
84838
85628
100031
15056
62154
114686
48145
105172
17809
114118
90927
30637
1163
66313
117726
232
48116
720
118786
55874
119223
51399
7218
119421
91656
37180
31290
234
35025
111172
57300
100989
31322
65091
7997
27361
8284
81315
24867
43972
83254
61799
84787
44662
41117
87949
42424
99397
115186
79237
109417
63279
43932
80843
59769
64920
79211
21780
48037
92042
63174
44941
42795
1497
31334
19219
112498
58998
78256
41299
114269
40668
40135
20939
88301
44113
105044
98529
91418
101069
76897
27399
33043
56733
53216
5844
65179
22749
9540
5012
105176
61402
14858
48791
95948
57887
92708
512
72954
25635
11622
38775
10670
6509
96344
40901
43388
33230
57808
17462
76130
115804
45105
35084
21066
56721
106701
47153
113260
51611
50960
43262
16677
92564
77510
8232
47336
80699
111311
110199
55082
72645
70260
114772
118893
112407
54984
88443
62777
75713
65965
9396
90193
78257
88428
27600
4597
72320
119444
88485
52118
118131
24476
55757
69490
26871
42111
98838
66300
31591
106004
29141
15223
10377
2085
36856
107353
2955
6831
96111
51850
7496
18971
11367
46
78714
62210
111582
33795
91471
80645
81169
36249
105878
51249
67964
385
110540
119395
28393
106520
69856
3603
18724
94685
99431
74757
18777
11146
80457
92793
40643
80473
19519
60393
9946
45511
4612
68481
90892
27200
101252
82354
118792
24619
94392
30050
4990
42785
92429
106066
109043
101609
28951
53840
31759
84077
65933
99396
30123
45128
58945
56372
51363
64834
70504
69125
108391
30388
52058
105915
92517
31071
18155
18187
61852
28750
68206
104727
114976
83603
31817
21008
79442
70696
3020
74324
53385
117641
66808
44291
95963
87010
68205
26126
68582
79280
49726
10592
23789
103031
67361
109797
22468
28722
8355
32034
32404
30808
15866
81661
102502
50078
56169
51493
116901
14011
3415
45504
111958
77595
5050
78610
26500
30435
107803
8125
11996
98151
89789
77966
54211
6942
118549
21977
11675
19855
117986
36770
98708
51688
58961
77231
91979
86609
28918
49394
79537
78474
5222
15624
79958
108463
75000
46112
16715
48071
11104
8421
99082
7617
69396
23374
35857
41355
16895
10837
51892
9901
53413
102965
109880
9100
11140
115273
61052
41596
87234
17396
98420
33277
23781
35692
104886
81415
17617
48859
76019
44693
39298
65499
113501
7513
106126
79111
10205
11819
68440
1248
21589
29352
71507
37599
40536
85656
47140
114539
23995
64269
9797
25205
119722
95474
101214
4434
110156
48598
85752
100925
87898
100268
65424
72745
23492
83176
119204
108850
81160
10786
55515
74533
101853
63097
99918
72769
5447
46953
81807
26163
5114
31531
54571
35763
76869
105563
82945
23259
46004
7477
119422
52107
19566
103047
108392
110904
30274
107281
22277
108852
62201
28197
48268
58427
22288
9760
87347
24401
64180
29662
19120
1116
42139
84787
26580
1455
92682
53074
24224
61218
50375
55170
91082
21638
41609
12643
57006
90542
46441
91675
66189
19178
113533
72070
46184
107037
16910
31035
23821
40962
55753
39613
31216
107673
99628
116786
55678
110322
111533
32156
26652
9966
39833
92781
80898
21896
77635
33122
23989
24503
44364
109216
11748
44902
89230
79081
9609
110806
10050
91021
110967
62168
63278
79880
27409
78867
12364
8453
84325
102269
41488
107161
104703
8722
50447
39738
42025
92115
103926
96089
10006
90379
74586
5606
12507
47317
114387
95153
41276
96471
32247
5560
2282
27699
68614
68868
113219
49958
58752
15727
105357
55283
46459
88230
82247
79231
8703
78130
75873
102098
119079
93771
77687
2959
74224
101229
87532
45150
112270
6044
117825
57024
66150
1571
113412
115907
117013
28399
119393
5886
4218
106396
69764
1634
28350
56882
119076
30725
12389
87041
17389
65924
23662
22105
75649
96702
65365
2986
104178
25771
81459
17927
91328
51676
42417
106387
82419
52529
31768
61796
926
98738
94609
46932
64460
54094
99206
81595
67424
114883
41504
66886
10323
5664
9856
33824
112525
38188
23463
86132
30862
26406
43003
87981
80813
95815
105611
47089
20061
9396
118862
1973
26091
35205
39589
119331
40058
82145
3365
83394
58493
30791
59152
113748
32505
85087
21108
41541
100978
88584
15741
6108
99836
5346
17561
104978
53787
80966
70100
19846
110059
93144
101619
49515
35453
54045
66039
67943
48643
18189
9599
91440
38975
119905
22439
63715
51118
53375
81780
70839
51736
116105
9589
384
39961
103156
32559
99862
37759
84757
105954
49248
119375
103928
5347
772
50901
13545
81455
116311
31544
73761
33270
48612
57577
71013
43373
7211
87971
38832
56791
43351
37604
78473
70960
60288
19481
93892
39331
6343
1763
110873
14845
97641
18486
44127
111992
65936
74667
68978
67347
94010
117112
25737
108474
7093
101543
55191
99766
113340
74774
52593
41274
69852
67497
55379
112769
92847
58793
66307
100271
51476
7883
99024
95946
84465
31651
57063
104783
37132
38352
60067
22636
33478
108488
92549
50190
113960
83177
90769
16125
4212
98410
2340
60217
53342
110455
70943
33294
112619
73225
55062
5982
96252
32776
84900
1826
55590
117193
35703
42883
46506
21945
8447
57055
76851
81379
40393
106429
26765
96368
38290
74557
79289
76206
96007
38116
42129
29675
66179
4571
103532
65808
61940
2422
86183
59194
30136
24353
22650
77767
101378
46032
34305
22853
45121
34545
52807
51832
119439
80386
39123
103114
105470
95664
109714
61212
75498
38624
12923
26528
21447
70795
30717
110048
107054
108054
51885
77510
42270
10588
72381
60634
32489
9205
86967
114918
7927
86653
43393
34005
110047
42580
76299
10041
62160
109443
22649
97471
40389
54194
43912
34584
108926
16717
2349
2701
70059
60994
19667
117237
24706
108687
25956
7936
43218
67249
85207
37444
28995
75934
20866
7944
78971
113009
40793
14934
45307
96183
115612
105292
101646
65734
37857
103636
35063
106043
101475
26544
41365
16161
72116
68558
76676
103799
88322
96969
32244
9541
102100
14220
72209
49345
114526
37354
85576
33300
67926
23252
73916
117364
100811
36525
65336
12250
75171
93726
93042
49832
7858
63153
103343
72423
78683
13843
83196
103960
87533
10454
61445
44632
111170
42544
100667
1647
67556
57372
38046
88850
91424
54657
74008
116558
99481
59833
106331
30499
77010
119163
85243
44897
89808
55670
21541
69745
56268
109177
55032
55999
64088
36816
24620
34895
84475
52244
34144
28802
43853
52343
59594
20980
39009
79538
53583
110322
106221
55968
32028
4633
98356
62550
75702
42198
6020
21585
45893
16342
79808
15880
18659
11429
50270
40450
66188
81175
692
94704
96552
31371
24868
23590
44675
9083
57978
5529
67580
49101
83328
103040
16053
105853
51101
78807
92571
5246
97409
95500
61927
65821
102859
42033
56222
62352
119474
22002
69910
57438
3204
81887
113401
47912
76438
107191
85197
2772
50795
54037
92840
68127
85134
31797
41975
42051
57141
49196
100580
78497
48946
1910
91983
44337
48189
34002
15496
67350
105552
108638
17591
15417
108186
35355
39257
18381
45628
1749
86731
44026
80674
86766
53065
48311
52342
90890
97016
17464
111452
25338
3502
65756
101494
117971
106415
87732
48356
97957
89849
7393
72143
94315
17799
19263
62690
5299
35210
57528
7560
106169
14721
19342
87166
42237
113777
47150
116360
82155
35763
42318
15183
103246
36604
18568
13645
46278
104811
108694
116298
31401
108202
11727
92009
90063
4569
10191
72732
19557
96326
38296
22253
47427
50697
41881
111744
42312
47286
39619
93641
85879
73879
112479
58738
87340
109120
14623
93554
97635
107196
13896
85920
104689
54988
53781
56375
4249
66117
61130
1376
62639
69116
45221
41457
118349
58485
23618
73389
48722
67641
49073
90015
16080
111812
59103
54863
24477
16702
86151
100777
43831
55248
71150
62677
72554
20117
37059
114262
12856
83551
61373
36823
84752
58991
17826
85493
105380
40417
117490
54177
29584
15599
68143
55026
45776
48508
28280
81736
47968
43886
58321
98106
60410
103508
106554
64161
15630
58933
31046
61822
99755
119581
31221
70494
40820
27728
24026
90083
66359
23545
109543
14865
35928
13584
9636
86269
102259
5119
30685
56043
11608
36552
17641
13403
19449
100589
51642
50688
11976
82178
57097
81677
106980
117233
106635
65119
79511
20926
83521
23189
58291
95848
41082
20473
68221
70644
47435
43727
112369
98719
1228
56077
113693
64386
90355
71440
12328
60389
40528
105884
78596
15949
24342
72252
54997
108555
73884
92819
42259
65470
21197
31851
15124
112444
20821
15877
92889
77419
27392
34103
37770
6010
8699
74812
111049
33338
10839
55732
62503
63302
57059
47268
22968
111664
55584
87114
12983
93331
14193
43196
72286
96991
70523
19019
15520
31803
67027
111389
88840
71094
108232
85159
60219
117036
15418
42996
3054
48084
40005
40374
108284
67425
91961
26842
44562
86020
3195
84303
119094
67792
18391
81416
53630
37328
66952
90389
100627
41958
99671
58346
3988
50366
112450
90050
76842
78893
26885
2235
25657
84490
113696
71875
15604
109777
89990
81674
46367
90954
75015
65675
30744
83326
51558
56295
40161
21987
111316
71245
1854
116711
82579
74693
101778
60402
107208
21663
65406
9437
31425
68079
75408
52069
101083
997
100792
57501
47075
74485
56414
33602
50253
6232
84874
95188
87678
18388
114612
57603
63228
13286
98647
81851
75575
20574
17707
67801
55233
56951
119596
61003
89842
63108
3478
6443
93068
64590
3351
109080
17473
24236
79298
6267
85382
53459
88228
81215
34284
48072
37598
69402
24475
11470
6258
71359
76634
43912
5850
105555
95719
11267
34283
14105
95059
20017
59682
31807
679
57426
108726
5548
30914
106710
97703
26370
110038
36662
57625
70531
47105
113632
6640
98660
12424
50844
73521
53622
14027
55999
55379
88010
15222
2702
802
101156
41776
114703
46503
33384
23467
94038
1083
71698
39749
85103
103922
46420
92921
86304
30232
82264
34720
79349
5190
50165
23415
3384
30625
107645
8473
77081
117091
15825
68559
66424
12223
60175
86109
29352
63117
39891
67911
80552
66078
7297
16101
90608
41388
113969
97692
83338
23841
94252
33200
103583
21652
69678
6160
14828
66885
9257
65285
11943
119932
90936
29708
39007
18625
18499
35248
25522
79414
55998
35807
56528
3632
108293
79010
112999
16187
81575
8871
98545
27138
41756
10761
106863
58410
111393
105144
81513
18522
47328
36518
55496
17515
21514
72705
72773
112369
86491
67097
7231
20024
64789
22676
86790
10703
118028
51583
1220
58591
66765
7733
21871
19978
86173
62409
109969
50845
15399
94020
17213
26428
69976
93120
48363
104648
36928
2543
100125
23375
101255
39928
54042
118338
60224
66155
63269
74065
28449
8146
93968
34575
101990
118213
61761
23659
73741
34594
2019
56363
95142
39010
49971
23947
779
27078
62462
43856
12707
76070
47882
84388
346
32027
24152
100533
109598
44401
16832
13072
71318
11384
80283
67346
54593
22799
74493
61196
104257
19850
58556
113418
74881
32304
8939
94642
24986
23567
56598
81904
65496
52889
81620
66259
105480
71343
27472
79594
86002
84484
99121
32442
19424
119500
50127
28859
56766
108431
3521
27594
49784
41452
49634
10533
97157
75454
101210
20073
85729
23100
42043
16323
98023
76252
40001
83214
116243
15136
88718
39340
30788
40790
114391
105020
77793
63353
14979
21349
5511
22401
108803
70118
63363
8058
57901
45327
80245
112779
38657
57569
10230
73673
38124
111929
94055
23966
99114
88129
53807
59625
80496
68444
66024
83418
41343
104561
4899
33614
58413
48846
52601
18251
26142
38573
37721
58362
6692
13535
65621
94757
114768
68000
26018
112919
57811
7351
83362
89284
26809
117804
34637
79639
46385
24459
96960
116578
104960
88497
63877
57913
36689
78706
44544
51672
16520
45573
53987
95739
58104
28034
115424
71428
31481
113555
107136
20249
3300
51551
16677
71807
27034
88235
74201
78264
74026
67841
24483
66988
38344
10712
83729
7983
29337
13129
72538
106402
85432
96813
20401
72895
81093
47864
119909
75790
36021
5508
70351
59008
71599
30348
30658
18383
54170
99888
40687
66489
78209
25973
107586
82276
54552
64316
110542
116815
99741
50686
92438
70121
92229
111348
61022
66517
109552
37254
114917
37200
47737
81999
61368
28618
110118
82944
22846
54003
117365
52972
118705
92857
93955
107185
35822
39376
48433
94421
8692
85801
85729
117839
54714
356
9444
91861
94442
21918
110402
34645
29331
84769
14935
95802
111040
6729
82249
88444
96628
2703
14875
12713
103007
63115
119603
84782
71769
42927
28459
909
52060
21886
20157
50469
64411
60375
92136
84940
42499
7688
21674
11711
62538
40762
61715
52101
81577
41367
82957
42384
76199
118457
58395
4630
42192
69859
109900
71064
63489
113671
98569
51209
105239
84713
101493
45394
91113
5085
117223
51350
68981
20341
60600
2384
11889
23998
64808
116263
2759
113082
24362
103248
11521
46081
27399
79801
72417
32183
119081
1354
46987
26851
109996
23068
34749
43776
94408
61897
68900
16935
92816
6305
8343
58964
101691
21880
70163
3246
100414
71613
78148
7097
71328
68996
113284
92130
73472
50145
41114
85329
113959
108013
38679
20611
63110
57331
30245
65564
80355
93247
26312
11809
37559
69744
24418
109867
44833
15717
93023
100624
81031
7203
1295
55456
27047
83588
117868
5792
94648
93691
691
40336
57010
104475
97844
94395
59252
100704
115728
90712
38162
108223
6311
54927
29961
66605
99122
41230
93363
78744
96482
84999
22299
75590
101954
109171
68627
53503
2304
69793
99746
69851
12253
73686
19457
79258
59091
57343
42566
98535
50757
81150
54611
22639
16236
86744
47736
117094
31173
7748
102162
104161
64360
95384
99829
40607
2292
100375
72675
54269
9234
61292
2707
64696
99306
6954
84359
99998
14820
86689
51842
97588
101662
57249
85031
60863
7772
38846
77133
56962
64795
45287
35739
62543
25749
74337
16045
55139
63101
34466
50886
46978
101873
42780
46927
6226
111472
56455
39697
87467
107677
116164
22346
18810
42748
44970
103880
67347
6904
99853
12280
87780
108432
55525
96316
70863
42470
71358
77015
28891
100008
12256
15625
104819
48967
102976
59594
29648
98196
52895
61454
79597
113022
94389
97657
60110
107514
53014
45329
48143
33881
51313
64511
17207
63462
60607
41913
11518
106535
96290
19290
106169
49684
42121
115518
69593
19759
7731
56028
32646
112461
11016
106709
45503
11387
33277
11507
49131
49861
79970
13852
22434
53178
73600
1712
89270
62900
7788
94436
21350
67608
2716
26739
93646
66059
2149
81034
78241
8945
80922
34009
100653
44497
9250
56719
89509
110935
86431
59611
26023
35299
31462
44811
24052
73455
21818
97645
44630
20117
84083
77764
50669
70470
1357
97385
118142
46532
112289
20072
39368
11640
75350
38120
2130
85492
99360
10004
85170
119925
57539
61508
16216
2164
27299
15040
13002
37519
51693
71296
10862
47545
100918
25832
52279
62471
3470
40241
114391
28176
116497
43549
99763
108333
113642
14080
33834
21302
6093
5435
59294
49169
18777
32393
73194
12826
18622
63432
56989
102283
75475
96202
102726
65395
108776
100717
80500
51001
74250
102144
62821
13959
54886
40983
60924
99852
99148
53080
96096
116165
56830
15318
5966
64495
119208
44957
111270
34900
35055
81527
62937
108730
87838
39791
52440
40357
81843
60727
60189
30943
76223
64595
17322
68947
105877
86078
25584
12325
116836
66119
118089
106407
101229
88483
90575
9209
63173
1219
8357
112456
101851
74094
18516
41872
41773
52717
69952
14323
112665
78483
65770
62139
62649
50591
43023
86517
98343
32316
114229
32138
24197
88341
33106
24159
20879
43367
43832
36554
58698
34364
98741
87232
67040
69719
23662
40712
114491
108197
53219
43089
36784
29009
30248
16847
100918
41464
64062
64572
13758
98537
91629
110899
32137
13369
23832
91064
28945
31100
25796
72170
115889
100577
15858
69844
58580
61393
112105
78202
43320
51345
28473
45071
47400
7816
84244
77207
5951
23715
101365
51744
38350
44525
103353
80398
115880
77642
77619
41986
39818
48593
79900
26558
95328
80885
85064
100998
11503
97095
102888
31209
51604
38510
20501
40014
20007
38985
85006
62697
63593
45849
60412
3612
45244
56600
2298
37566
55864
54751
51754
38727
28761
81623
96969
37540
26476
32983
106410
82698
65066
40376
81893
20471
4599
46611
72912
57701
67051
53260
15442
107596
104018
65215
29018
28910
66614
103195
25212
39440
108639
39777
8740
53734
61562
37918
49247
22717
96068
113078
87415
99461
29895
80952
73362
60561
35375
12470
58417
76669
42572
16125
53140
48444
45123
64838
5100
65739
75829
40452
59214
68120
27769
63622
101562
3808
114177
70244
14421
101935
66514
47724
45839
49522
85141
75284
101425
99847
713
2154
119099
112916
36856
85899
69391
41505
105929
80255
14455
67776
39604
107797
18322
25732
34726
97349
8969
33821
42384
89491
109643
89742
44294
75653
82459
26053
65619
117164
41618
90453
47002
50308
56686
98612
61083
81814
118211
10228
89978
16355
18530
100486
145
13536
9974
119387
19792
86516
80738
110422
61426
27758
95551
97849
78360
119616
3837
8368
98964
58304
102409
88220
6140
29488
72825
30812
1974
62108
115370
82703
18730
94209
92200
107335
67301
90435
51550
76146
92955
15514
112953
5747
55664
11440
90298
87594
28534
68216
55101
63135
72776
18921
16724
22667
21430
29501
99357
30165
86440
92105
27409
99128
74966
7913
31536
65997
80711
81307
56899
67976
84807
1900
73280
31137
118223
84312
113572
52400
63903
87747
2711
95587
91770
88322
63465
96950
3480
46739
118589
69626
56232
42303
90666
109268
96181
31415
71582
54567
21951
114598
92860
106715
37446
60736
16236
840
40640
80619
20619
110236
111221
4026
47237
110736
4921
55489
79038
17827
76100
63518
33565
93168
52586
16463
100303
59914
57988
115361
74126
107775
96686
29975
65786
69029
5372
18923
28463
25728
32515
8157
66268
26082
53307
34232
86131
24579
42617
9669
58875
55615
92204
37407
48346
44490
90876
89690
49322
112346
107511
93923
65478
103189
6813
53910
38066
111377
6384
59536
84004
17006
31156
101363
58953
84385
77442
108740
86501
105312
43806
10955
68954
94154
19704
40573
118277
45729
45259
76522
77595
29793
26787
41638
84238
37436
52615
65264
94653
34969
2481
96163
49577
59923
1231
64396
104738
71519
93768
62958
7883
4541
33142
30875
67330
30766
117409
69109
30263
6174
23325
49015
90883
34894
46164
60245
59072
92403
104907
90877
119581
730
30759
17239
79845
97484
24413
24231
61340
88254
23687
99165
115017
98490
108136
42976
115651
86215
60927
2373
113043
100971
50742
44830
9865
17161
7697
95518
76486
11456
47184
111153
82495
74255
4313
80381
82689
4157
59031
73737
102151
72209
118259
78341
618
99218
116305
23414
20686
64672
18560
72328
57463
79842
25912
45316
49153
90435
118549
24105
78597
65645
7769
15642
115168
40778
23127
16726
54487
49589
89718
84765
110263
70314
106600
42009
38151
95823
82317
101533
85846
83671
77204
42870
46749
45787
64611
103600
66325
100353
54391
10363
70910
9921
21964
68632
18029
90126
114981
85267
85382
72316
67058
31238
62493
61275
54282
44068
104601
65656
65144
20459
92709
14074
58248
99169
116779
63802
34644
22670
20939
1804
12795
53191
89
109341
84197
84730
116686
91683
6348
117187
34558
3470
117236
102231
83400
48032
51730
12630
13254
15534
45205
67678
112542
30028
83469
87007
26361
39585
80488
23461
103566
26393
116636
42872
21730
35281
110167
74452
108448
99353
3286
30196
75512
60493
61686
5062
49318
60220
52619
1853
96463
32947
81520
115628
27826
108932
90936
102106
117502
108251
97945
2944
54805
39902
87493
87903
78136
71649
49001
79803
98847
46517
102346
12866
71330
10850
46740
98374
62370
66630
102277
113784
18423
7272
18856
12283
43778
41389
100902
29472
45682
93040
78788
22209
74312
9746
29040
31833
106091
71093
25392
39870
108167
70994
91461
18969
59957
25736
3273
35225
114498
37671
116079
90185
17947
100982
64873
1738
29877
71176
31708
72728
60131
74029
5410
104549
79819
22442
40453
80101
34630
1214
31756
46404
87961
30006
40853
11812
49472
3787
96357
76169
21484
37830
47848
14379
21239
50858
77277
94795
91382
5200
25679
113447
34096
26845
15471
63552
76163
91063
99801
16869
52816
40776
10375
29405
87577
5135
103925
118573
83364
4795
4906
32346
106973
108132
88252
83077
104664
59200
80965
69550
90863
33458
85022
60495
85123
91370
116551
81182
74305
112702
97451
11861
67512
105917
85550
72712
90685
117286
108163
94634
95799
113415
31324
38567
116497
58605
53203
48222
27526
35037
95177
101980
39716
19003
97725
109359
25322
30459
50793
115867
40354
95935
19460
17193
31156
6361
105743
39584
1793
11648
16032
17922
36902
92877
81155
36397
81500
10735
2254
8818
114837
65339
110638
106525
39696
17899
13458
71487
41646
38647
29553
60585
114592
58276
40978
34218
59529
111626
55732
68291
22777
52651
55878
53243
28022
28699
112732
7246
13358
9931
47003
32770
10096
76227
96713
66677
14431
109186
49465
53625
86161
20860
58051
50946
20496
73643
49647
50354
99537
7239
18758
17694
99402
28935
42822
6616
67011
42393
16824
115452
107405
27985
69483
48719
98057
4185
38555
35567
70951
14840
86469
87150
16324
101128
10017
83286
63764
109817
38994
5923
106978
60943
48668
22837
117845
48302
49662
109609
3496
35183
6282
41366
16957
115533
70567
7879
77504
117269
4247
46548
51211
69731
54567
27408
5250
81292
92339
22744
1335
15905
51835
30988
14316
18912
72072
530
11218
22683
27769
33680
24152
61709
75695
24439
77332
104517
68363
75870
84026
46322
1957
53781
73613
61591
109130
83050
21990
9720
19715
1356
100413
19797
33672
112187
88458
31957
60484
24933
16094
23097
57987
94507
87976
13742
91030
16310
39877
60641
26614
14557
42790
6179
107086
22823
24531
20967
116699
55366
61805
60015
19296
6135
67494
55630
76089
29569
118524
31742
112476
13147
119028
64611
31532
86326
111558
53894
29286
63889
115991
45840
53098
33884
11313
6883
19413
51214
39831
81186
10889
47622
46437
79725
65339
97158
47384
81249
90153
43433
73622
96992
85821
40795
13080
41302
80887
66268
64359
119328
8140
2444
11146
30734
28021
113710
72237
54893
90243
39059
56399
8316
58278
4397
114381
9058
103853
55655
92227
65665
109813
51158
70620
9704
99646
87610
44341
51220
80706
88694
93980
55472
105595
18686
28912
77091
102421
75647
16102
24298
99562
109615
113663
81126
74316
918
101164
89587
67249
22093
20526
6520
25295
94047
11923
41359
106581
53023
28455
31343
18705
89530
81440
19725
89631
43858
44981
70292
26564
44895
14117
38024
103179
99880
85113
81046
109215
82396
9613
22965
38987
84259
26169
97546
66504
54155
93241
89131
94900
41743
17143
22544
36570
40605
66443
75173
17851
16817
71191
81784
68344
102074
940
39048
109875
41176
39829
112132
83854
13361
30131
79638
88226
15352
117447
86023
116421
101129
21367
42103
80681
79350
14725
104549
20844
13985
102659
54296
27130
57123
9547
41548
41677
85068
47442
111607
28555
69735
34004
11022
55672
17000
110970
77550
14470
2065
66084
100247
14500
89045
61950
57470
9943
97878
84644
900
63838
36312
22992
52682
33266
68122
36245
40556
44907
20852
43490
112410
5394
7286
52463
106898
34569
104490
38505
70858
82219
82670
106258
66984
10071
63240
77264
26757
50801
71397
5991
33913
114518
93135
74855
112733
60623
90035
55697
63236
29196
107335
10713
51849
70985
51643
100192
91451
68806
34339
27506
108642
105617
95107
103620
118933
45731
77152
33988
32026
75615
61607
40026
69639
19411
43250
25443
57385
1785
83043
24554
109925
116929
5193
85280
25210
57488
57284
83858
78836
899
21716
21412
23615
3098
15069
74325
72191
30750
39153
60975
112088
13135
53417
46705
52830
73500
43034
97008
73808
7200
100371
65729
109341
110110
79704
50671
53882
25781
45945
83333
15637
93523
37789
102605
90836
22037
84086
14051
13707
24466
69386
57025
58715
110649
60533
71197
91892
41123
40783
12132
7126
64832
11377
12421
101033
108759
32585
100452
76572
2604
27201
53219
80828
5405
99065
92685
36420
33400
7613
117022
78749
89683
46603
48662
82850
26138
21045
417
93855
6873
21046
108998
4122
89809
94635
62135
87850
79313
83829
71047
90511
107709
89054
34370
35731
77226
106718
22739
116247
56386
103117
65033
18361
56068
24997
97905
70817
110414
83015
89539
29325
56493
38959
86667
106953
44067
101023
20713
38398
53022
23540
24513
82669
111010
38518
35415
43978
7518
75933
33619
64676
93084
78158
26475
116825
33556
81040
41
70533
79279
80055
78527
107452
107780
44587
60349
116857
86005
26808
16348
39502
114352
93768
21311
110963
99732
32206
64282
81475
78565
35238
66211
113255
113113
118480
5354
99125
115740
70319
91400
87719
115666
116923
18656
20885
11477
97254
86678
87867
30128
76732
43616
118666
59376
100346
43084
55472
95555
36913
69723
96359
12296
75837
61714
119430
68276
86097
60318
108401
113275
14374
47129
32111
81791
105102
49035
20740
42176
9883
78983
10522
36700
57100
17494
96536
44179
114725
65425
119641
61767
40207
32835
78960
16190
70953
71907
45259
57209
67373
73679
33419
37275
37527
108962
53671
81301
48388
83129
101553
99215
103328
112564
5576
11387
118860
97386
69358
63254
5814
40653
41500
60410
51009
88585
41764
59167
25159
39429
106119
40025
111116
30439
66023
12712
93727
62997
68797
91420
118477
5287
56248
17574
70714
39965
67709
114912
90698
81144
81443
57899
81808
30588
14870
79429
10185
77332
29370
17495
93714
88048
109422
62965
116657
87307
88602
101811
83380
47467
36534
105102
40548
17262
41093
28780
31770
96246
79241
102698
42115
29094
67623
54619
82032
9321
80572
9822
91127
86352
38457
90681
31902
2935
23321
33046
111941
71731
51549
37454
187
70516
24787
63175
68853
54733
90662
51798
57166
94258
93837
14519
36519
78059
65716
93521
118772
55990
27646
12786
70341
61361
87736
47374
114364
60937
95426
2710
81610
90916
20722
66573
107977
37970
66528
56492
72300
73832
22799
93934
82851
89916
50227
54146
34308
45380
98985
66714
89112
97553
44553
76866
48033
48038
77921
61262
44437
90856
41510
4474
65090
90845
14904
23554
67549
51111
46013
78078
90039
7666
93575
81731
94383
117472
115906
19001
65957
22944
88600
66708
76771
41560
80392
85104
118696
103548
41682
16969
53489
3713
64222
35573
44676
45312
113265
113631
13503
14453
94986
45279
77051
112842
2251
81870
101273
74787
100855
79799
75104
41202
36096
44810
63940
58930
76108
32190
71693
118068
63611
45956
110253
113029
101799
72615
103619
54935
112824
46285
101076
113509
58895
91913
39729
25984
86239
72067
21314
118610
101244
30199
31634
3197
115839
99525
33114
56719
105703
31603
81845
26306
110179
12417
168
45095
66774
116224
14211
116185
55907
118644
82980
2573
73100
50413
81468
10267
26061
101970
74920
9843
93150
6455
74768
8586
77483
74955
98929
20898
67449
112769
110017
49029
9701
109180
34709
79247
114693
25693
55875
40409
67612
48881
116239
62488
89087
43980
118250
71931
100312
4061
9463
48823
36261
37060
86149
107660
118431
29194
70003
29124
5097
48201
53703
4584
62293
43605
110727
118138
102817
103629
63242
2853
103264
119612
39019
48419
30674
28729
104228
66809
70622
94549
33606
588
7592
102397
12922
85374
106300
12729
765
53516
99088
50653
47613
90420
119836
53478
119782
8013
38841
30603
64247
41684
85882
71296
117473
47629
100229
85840
47313
76850
16612
104275
101641
90158
5194
104387
100830
115366
31375
116839
53296
33426
87765
60267
74258
14617
15934
32916
27482
8980
79600
109798
108207
67016
73637
65629
22568
27253
34873
23702
54763
96641
861
59606
67826
107799
21865
106138
77289
3980
9077
71990
29160
98211
38583
21720
84535
77401
25880
8261
102817
95287
79782
21657
3913
19931
97314
118949
116927
12067
72698
90068
48765
109933
3862
113334
110717
104307
28861
1590
44483
24292
72420
76237
11247
100012
69322
71373
28318
2677
36609
43981
97495
5592
10640
8534
47712
61503
27770
45628
11661
52266
28972
34195
112020
76163
8988
45576
107508
36273
109607
55171
82445
100132
114473
93622
75601
16521
99293
34420
35035
79544
66667
58566
15279
43239
48700
49339
101593
71824
73401
31475
33209
101235
82356
119001
23335
66974
117446
114672
118364
41359
23409
31437
2143
100107
100818
22570
33261
23761
110556
32038
24264
53824
96168
30430
71320
106530
94473
24187
21276
19024
107595
37133
80171
43325
31108
3208
23201
72746
93244
18081
60759
23576
119163
34726
88569
41626
72019
14291
42098
118852
79124
38532
66310
89582
46754
113803
81499
68997
41168
29050
114296
118296
106200
71477
70143
111623
19300
53492
49387
79113
18152
43283
13811
108549
119067
58803
73822
84924
56072
101175
48644
12790
56179
68485
52799
80652
31559
64638
81757
69680
73400
400
68088
60920
14982
15011
56557
15727
93026
46631
82519
53488
16656
88675
72619
48798
92330
46510
60194
77080
10876
95191
99938
13221
39281
33908
117256
72160
35166
16502
17431
113396
35902
89863
68073
73284
7084
73272
15513
19520
26614
61654
41671
81589
10928
34471
112595
99008
18889
99417
33259
86047
36687
116289
85351
17209
113576
111386
5697
112045
103572
86479
62596
61015
32239
108861
25748
85910
50490
60220
22617
8943
18836
81990
69947
53960
105781
23599
